<?xml version="1.0" encoding="utf-8"?>
<COLLADA xmlns="http://www.collada.org/2005/11/COLLADASchema" version="1.4.1">
  <asset><contributor><author>Mixamo</author><authoring_tool>COLLADA Mixamo exporter</authoring_tool><comments></comments></contributor><created>2018-12-03T08:03:34Z</created><modified>2018-12-03T08:03:34Z</modified><revision></revision><title></title><unit meter="0.010000"/><up_axis>Y_UP</up_axis></asset>
  <library_animations>
    <animation id="Hips-anim" name="Hips"><source id="Hips-Matrix-animation-input"><float_array id="Hips-Matrix-animation-input-array" count="19">

0.000000 0.033333 0.066667 0.100000 0.133333 0.166667 0.200000 0.233333 0.266667 0.300000 0.333333 0.366667 0.400000 0.433333 0.466667 0.500000
0.533333 0.566667 0.600000</float_array><technique_common><accessor source="#Hips-Matrix-animation-input-array" count="19"><param name="TIME" type="float"/></accessor></technique_common></source><source id="Hips-Matrix-animation-output-transform"><float_array id="Hips-Matrix-animation-output-transform-array" count="304">

0.769312 -0.091033 -0.632355 0.454124 -0.170832 0.924443 -0.340913 85.449722 0.615610 0.370295 0.695633 -2.052496 0.000000 0.000000 0.000000 1.000000
0.788925 -0.129539 -0.600680 0.187034 -0.125307 0.923073 -0.363641 86.801964 0.601577 0.362155 0.712003 9.212127 0.000000 0.000000 0.000000 1.000000
0.834977 -0.160515 -0.526354 -0.473288 -0.076696 0.913230 -0.400162 88.649178 0.544914 0.374495 0.750215 21.711657 0.000000 0.000000 0.000000 1.000000
0.890814 -0.159780 -0.425348 -1.352668 -0.044609 0.900853 -0.431826 89.902176 0.452174 0.403651 0.795365 35.312412 0.000000 0.000000 0.000000 1.000000
0.936902 -0.111584 -0.331305 -1.691038 -0.046646 0.899316 -0.434804 90.248871 0.346465 0.422823 0.837367 49.430542 0.000000 0.000000 0.000000 1.000000
0.961383 -0.047478 -0.271088 -1.244117 -0.069209 0.911646 -0.405106 89.811203 0.266370 0.408224 0.873155 62.521996 0.000000 0.000000 0.000000 1.000000
0.966394 -0.025950 -0.255754 -0.376029 -0.072722 0.926656 -0.368808 88.010025 0.246566 0.375013 0.893628 74.691963 0.000000 0.000000 0.000000 1.000000
0.955887 -0.054990 -0.288543 0.594161 -0.051645 0.935554 -0.349388 86.119080 0.289160 0.348877 0.891443 87.182510 0.000000 0.000000 0.000000 1.000000
0.931054 -0.080353 -0.355924 1.491505 -0.053854 0.934507 -0.351848 85.409721 0.360885 0.346758 0.865749 100.421249 0.000000 0.000000 0.000000 1.000000
0.902272 -0.062266 -0.426647 2.282629 -0.113060 0.920725 -0.373473 85.406578 0.416080 0.385211 0.823705 114.171135 0.000000 0.000000 0.000000 1.000000
0.880061 -0.014590 -0.474637 2.828966 -0.206042 0.888803 -0.409361 85.861427 0.427831 0.458058 0.779194 128.775024 0.000000 0.000000 0.000000 1.000000
0.864380 0.020067 -0.502438 3.025844 -0.275618 0.854638 -0.440032 86.421310 0.420573 0.518836 0.744263 144.607269 0.000000 0.000000 0.000000 1.000000
0.855114 0.011341 -0.518316 2.785032 -0.282610 0.848357 -0.447685 86.078949 0.434640 0.529303 0.728647 160.718460 0.000000 0.000000 0.000000 1.000000
0.846741 -0.019822 -0.531636 2.200095 -0.249647 0.867645 -0.429964 85.658325 0.469794 0.496789 0.729722 175.777359 0.000000 0.000000 0.000000 1.000000
0.827680 -0.025488 -0.560621 1.392918 -0.240889 0.886124 -0.395926 84.532158 0.506871 0.462747 0.727287 189.330032 0.000000 0.000000 0.000000 1.000000
0.792013 -0.005680 -0.610478 0.836042 -0.273042 0.891080 -0.362525 83.408234 0.546044 0.453811 0.704196 202.127991 0.000000 0.000000 0.000000 1.000000
0.750289 -0.005186 -0.661089 0.542112 -0.291631 0.894823 -0.337999 82.795303 0.593311 0.446391 0.669864 215.323624 0.000000 0.000000 0.000000 1.000000
0.735688 -0.040017 -0.676137 0.547155 -0.252079 0.910366 -0.328161 83.648727 0.628664 0.411864 0.659659 228.681641 0.000000 0.000000 0.000000 1.000000
0.769312 -0.091033 -0.632355 0.454120 -0.170832 0.924443 -0.340913 85.449722 0.615610 0.370295 0.695633 242.550537 0.000000 0.000000 0.000000 1.000000</float_array><technique_common><accessor source="#Hips-Matrix-animation-output-transform-array" count="19" stride="16"><param type="float4x4"/></accessor></technique_common></source><source id="Hips-Interpolations"><Name_array id="Hips-Interpolations-array" count="19">
 LINEAR LINEAR LINEAR LINEAR LINEAR LINEAR LINEAR LINEAR LINEAR LINEAR LINEAR
LINEAR LINEAR LINEAR LINEAR LINEAR LINEAR LINEAR LINEAR</Name_array><technique_common><accessor source="#Hips-Interpolations-array" count="19"><param type="name"/></accessor></technique_common></source><sampler id="Hips-Matrix-animation-transform"><input semantic="INPUT" source="#Hips-Matrix-animation-input"/><input semantic="OUTPUT" source="#Hips-Matrix-animation-output-transform"/><input semantic="INTERPOLATION" source="#Hips-Interpolations"/></sampler><channel source="#Hips-Matrix-animation-transform" target="Hips/matrix"/></animation>
    <animation id="Spine-anim" name="Spine"><source id="Spine-Matrix-animation-input"><float_array id="Spine-Matrix-animation-input-array" count="19">

0.000000 0.033333 0.066667 0.100000 0.133333 0.166667 0.200000 0.233333 0.266667 0.300000 0.333333 0.366667 0.400000 0.433333 0.466667 0.500000
0.533333 0.566667 0.600000</float_array><technique_common><accessor source="#Spine-Matrix-animation-input-array" count="19"><param name="TIME" type="float"/></accessor></technique_common></source><source id="Spine-Matrix-animation-output-transform"><float_array id="Spine-Matrix-animation-output-transform-array" count="304">

0.999991 -0.001743 0.003750 0.017300 0.002672 0.964418 -0.264370 10.574800 -0.003156 0.264378 0.964414 -1.117200 0.000000 0.000000 0.000000 1.000000
0.998666 0.047402 0.020452 0.017300 -0.040416 0.964338 -0.261569 10.574800 -0.032122 0.260393 0.964968 -1.117200 0.000000 0.000000 0.000000 1.000000
0.995612 0.091794 0.018183 0.017300 -0.084791 0.967136 -0.239706 10.574800 -0.039590 0.237112 0.970675 -1.117200 0.000000 0.000000 0.000000 1.000000
0.993995 0.109404 -0.002327 0.017300 -0.107632 0.973622 -0.201187 10.574800 -0.019745 0.200229 0.979550 -1.117200 0.000000 0.000000 0.000000 1.000000
0.995481 0.083237 -0.045697 0.017300 -0.090251 0.978991 -0.182840 10.574800 0.029518 0.186138 0.982080 -1.117200 0.000000 0.000000 0.000000 1.000000
0.993078 0.042966 -0.109314 0.017300 -0.065905 0.974210 -0.215804 10.574800 0.097223 0.221515 0.970298 -1.117200 0.000000 0.000000 0.000000 1.000000
0.984044 0.034829 -0.174482 0.017300 -0.080003 0.962541 -0.259066 10.574800 0.158923 0.268891 0.949969 -1.117200 0.000000 0.000000 0.000000 1.000000
0.973164 0.063625 -0.221142 0.017300 -0.124733 0.953436 -0.274592 10.574800 0.193374 0.294806 0.935786 -1.117200 0.000000 0.000000 0.000000 1.000000
0.966036 0.074747 -0.247363 0.017300 -0.143602 0.951117 -0.273412 10.574800 0.214834 0.299648 0.929547 -1.117200 0.000000 0.000000 0.000000 1.000000
0.961451 0.016321 -0.274493 0.017300 -0.094911 0.956587 -0.275560 10.574800 0.258079 0.290990 0.921260 -1.117200 0.000000 0.000000 0.000000 1.000000
0.942392 -0.102692 -0.318357 0.017300 0.006519 0.957169 -0.289457 10.574800 0.334446 0.270707 0.902698 -1.117200 0.000000 0.000000 0.000000 1.000000
0.906380 -0.216320 -0.362877 0.017300 0.104781 0.947229 -0.302949 10.574800 0.409262 0.236564 0.881216 -1.117200 0.000000 0.000000 0.000000 1.000000
0.882411 -0.260161 -0.392005 0.017300 0.149183 0.944927 -0.291303 10.574800 0.446202 0.198569 0.872625 -1.117200 0.000000 0.000000 0.000000 1.000000
0.891210 -0.237774 -0.386275 0.017300 0.136783 0.952830 -0.270935 10.574800 0.432476 0.188624 0.881695 -1.117200 0.000000 0.000000 0.000000 1.000000
0.922200 -0.201286 -0.330198 0.017300 0.115570 0.958289 -0.261393 10.574800 0.369040 0.202895 0.906997 -1.117200 0.000000 0.000000 0.000000 1.000000
0.956702 -0.178726 -0.229735 0.017300 0.116269 0.958233 -0.261286 10.574800 0.266838 0.223262 0.937524 -1.117200 0.000000 0.000000 0.000000 1.000000
0.981638 -0.149883 -0.117995 0.017300 0.116620 0.961048 -0.250572 10.574800 0.150955 0.232210 0.960880 -1.117200 0.000000 0.000000 0.000000 1.000000
0.996019 -0.082902 -0.032768 0.017300 0.071933 0.964567 -0.253843 10.574800 0.052651 0.250475 0.966690 -1.117200 0.000000 0.000000 0.000000 1.000000
0.999991 -0.001743 0.003750 0.017300 0.002672 0.964418 -0.264370 10.574800 -0.003156 0.264378 0.964414 -1.117200 0.000000 0.000000 0.000000 1.000000</float_array><technique_common><accessor source="#Spine-Matrix-animation-output-transform-array" count="19" stride="16"><param type="float4x4"/></accessor></technique_common></source><source id="Spine-Interpolations"><Name_array id="Spine-Interpolations-array" count="19">
 LINEAR LINEAR LINEAR LINEAR LINEAR LINEAR LINEAR LINEAR LINEAR LINEAR LINEAR
LINEAR LINEAR LINEAR LINEAR LINEAR LINEAR LINEAR LINEAR</Name_array><technique_common><accessor source="#Spine-Interpolations-array" count="19"><param type="name"/></accessor></technique_common></source><sampler id="Spine-Matrix-animation-transform"><input semantic="INPUT" source="#Spine-Matrix-animation-input"/><input semantic="OUTPUT" source="#Spine-Matrix-animation-output-transform"/><input semantic="INTERPOLATION" source="#Spine-Interpolations"/></sampler><channel source="#Spine-Matrix-animation-transform" target="Spine/matrix"/></animation>
    <animation id="Spine1-anim" name="Spine1"><source id="Spine1-Matrix-animation-input"><float_array id="Spine1-Matrix-animation-input-array" count="19">

0.000000 0.033333 0.066667 0.100000 0.133333 0.166667 0.200000 0.233333 0.266667 0.300000 0.333333 0.366667 0.400000 0.433333 0.466667 0.500000
0.533333 0.566667 0.600000</float_array><technique_common><accessor source="#Spine1-Matrix-animation-input-array" count="19"><param name="TIME" type="float"/></accessor></technique_common></source><source id="Spine1-Matrix-animation-output-transform"><float_array id="Spine1-Matrix-animation-output-transform-array" count="304">

1.000000 -0.000739 -0.000294 0.019000 0.000721 0.998250 -0.059138 12.337300 0.000337 0.059138 0.998250 -1.303400 0.000000 0.000000 0.000000 1.000000
0.999965 0.006964 0.004646 0.019000 -0.006676 0.998218 -0.059298 12.337300 -0.005051 0.059265 0.998229 -1.303400 0.000000 0.000000 0.000000 1.000000
0.999842 0.017068 0.004942 0.019000 -0.016763 0.998274 -0.056285 12.337300 -0.005894 0.056193 0.998403 -1.303400 0.000000 0.000000 0.000000 1.000000
0.999733 0.023086 0.000987 0.019000 -0.023011 0.998579 -0.048064 12.337300 -0.002095 0.048028 0.998844 -1.303400 0.000000 0.000000 0.000000 1.000000
0.999767 0.020461 -0.006937 0.019000 -0.020727 0.998954 -0.040748 12.337300 0.006096 0.040882 0.999145 -1.303400 0.000000 0.000000 0.000000 1.000000
0.999718 0.015821 -0.017697 0.019000 -0.016580 0.998910 -0.043626 12.337300 0.016988 0.043907 0.998891 -1.303400 0.000000 0.000000 0.000000 1.000000
0.999442 0.017964 -0.028166 0.019000 -0.019385 0.998511 -0.050986 12.337300 0.027208 0.051503 0.998302 -1.303400 0.000000 0.000000 0.000000 1.000000
0.999002 0.026972 -0.035595 0.019000 -0.028897 0.998083 -0.054731 12.337300 0.034050 0.055705 0.997866 -1.303400 0.000000 0.000000 0.000000 1.000000
0.998667 0.031435 -0.040927 0.019000 -0.033647 0.997946 -0.054511 12.337300 0.039130 0.055815 0.997674 -1.303400 0.000000 0.000000 0.000000 1.000000
0.998642 0.020601 -0.047845 0.019000 -0.023164 0.998292 -0.053639 12.337300 0.046659 0.054675 0.997413 -1.303400 0.000000 0.000000 0.000000 1.000000
0.998325 -0.001757 -0.057824 0.019000 -0.001408 0.998504 -0.054652 12.337300 0.057834 0.054642 0.996830 -1.303400 0.000000 0.000000 0.000000 1.000000
0.997457 -0.022740 -0.067548 0.019000 0.019035 0.998306 -0.054985 12.337300 0.068684 0.053559 0.996200 -1.303400 0.000000 0.000000 0.000000 1.000000
0.996846 -0.031326 -0.072912 0.019000 0.027704 0.998356 -0.050178 12.337300 0.074364 0.047999 0.996075 -1.303400 0.000000 0.000000 0.000000 1.000000
0.997101 -0.026482 -0.071326 0.019000 0.023265 0.998690 -0.045566 12.337300 0.072440 0.043775 0.996412 -1.303400 0.000000 0.000000 0.000000 1.000000
0.997901 -0.019947 -0.061601 0.019000 0.017222 0.998863 -0.044457 12.337300 0.062418 0.043303 0.997110 -1.303400 0.000000 0.000000 0.000000 1.000000
0.998816 -0.018437 -0.045010 0.019000 0.016308 0.998751 -0.047224 12.337300 0.045824 0.046434 0.997870 -1.303400 0.000000 0.000000 0.000000 1.000000
0.999489 -0.019070 -0.025644 0.019000 0.017796 0.998639 -0.049020 12.337300 0.026544 0.048539 0.998469 -1.303400 0.000000 0.000000 0.000000 1.000000
0.999882 -0.012040 -0.009533 0.019000 0.011507 0.998470 -0.054081 12.337300 0.010170 0.053965 0.998491 -1.303400 0.000000 0.000000 0.000000 1.000000
1.000000 -0.000739 -0.000294 0.019000 0.000721 0.998250 -0.059138 12.337300 0.000337 0.059138 0.998250 -1.303400 0.000000 0.000000 0.000000 1.000000</float_array><technique_common><accessor source="#Spine1-Matrix-animation-output-transform-array" count="19" stride="16"><param type="float4x4"/></accessor></technique_common></source><source id="Spine1-Interpolations"><Name_array id="Spine1-Interpolations-array" count="19">
 LINEAR LINEAR LINEAR LINEAR LINEAR LINEAR LINEAR LINEAR LINEAR LINEAR LINEAR
LINEAR LINEAR LINEAR LINEAR LINEAR LINEAR LINEAR LINEAR</Name_array><technique_common><accessor source="#Spine1-Interpolations-array" count="19"><param type="name"/></accessor></technique_common></source><sampler id="Spine1-Matrix-animation-transform"><input semantic="INPUT" source="#Spine1-Matrix-animation-input"/><input semantic="OUTPUT" source="#Spine1-Matrix-animation-output-transform"/><input semantic="INTERPOLATION" source="#Spine1-Interpolations"/></sampler><channel source="#Spine1-Matrix-animation-transform" target="Spine1/matrix"/></animation>
    <animation id="Spine2-anim" name="Spine2"><source id="Spine2-Matrix-animation-input"><float_array id="Spine2-Matrix-animation-input-array" count="19">

0.000000 0.033333 0.066667 0.100000 0.133333 0.166667 0.200000 0.233333 0.266667 0.300000 0.333333 0.366667 0.400000 0.433333 0.466667 0.500000
0.533333 0.566667 0.600000</float_array><technique_common><accessor source="#Spine2-Matrix-animation-input-array" count="19"><param name="TIME" type="float"/></accessor></technique_common></source><source id="Spine2-Matrix-animation-output-transform"><float_array id="Spine2-Matrix-animation-output-transform-array" count="304">

0.999999 -0.000774 -0.000702 0.021700 0.000732 0.998250 -0.059135 14.099800 0.000746 0.059134 0.998250 -1.489600 0.000000 0.000000 0.000000 1.000000
0.999967 0.006760 0.004566 0.021700 -0.006477 0.998217 -0.059329 14.099800 -0.004959 0.059298 0.998228 -1.489600 0.000000 0.000000 0.000000 1.000000
0.999845 0.016828 0.005086 0.021700 -0.016515 0.998274 -0.056350 14.099800 -0.006025 0.056257 0.998398 -1.489600 0.000000 0.000000 0.000000 1.000000
0.999735 0.022983 0.001164 0.021700 -0.022900 0.998579 -0.048116 14.099800 -0.002268 0.048077 0.998841 -1.489600 0.000000 0.000000 0.000000 1.000000
0.999765 0.020547 -0.006940 0.021700 -0.020813 0.998955 -0.040693 14.099800 0.006097 0.040828 0.999148 -1.489600 0.000000 0.000000 0.000000 1.000000
0.999712 0.016024 -0.017891 0.021700 -0.016788 0.998915 -0.043434 14.099800 0.017175 0.043722 0.998896 -1.489600 0.000000 0.000000 0.000000 1.000000
0.999427 0.018303 -0.028484 0.021700 -0.019729 0.998523 -0.050612 14.099800 0.027516 0.051145 0.998312 -1.489600 0.000000 0.000000 0.000000 1.000000
0.998976 0.027447 -0.035977 0.021700 -0.029372 0.998103 -0.054110 14.099800 0.034424 0.055112 0.997887 -1.489600 0.000000 0.000000 0.000000 1.000000
0.998633 0.031966 -0.041357 0.021700 -0.034168 0.997974 -0.053675 14.099800 0.039558 0.055015 0.997702 -1.489600 0.000000 0.000000 0.000000 1.000000
0.998607 0.021192 -0.048320 0.021700 -0.023738 0.998326 -0.052742 14.099800 0.047121 0.053816 0.997438 -1.489600 0.000000 0.000000 0.000000 1.000000
0.998294 -0.000967 -0.058381 0.021700 -0.002183 0.998547 -0.053853 14.099800 0.058348 0.053888 0.996841 -1.489600 0.000000 0.000000 0.000000 1.000000
0.997434 -0.021781 -0.068204 0.021700 0.018083 0.998357 -0.054377 14.099800 0.069276 0.053005 0.996188 -1.489600 0.000000 0.000000 0.000000 1.000000
0.996828 -0.030548 -0.073487 0.021700 0.026940 0.998406 -0.049603 14.099800 0.074885 0.047466 0.996062 -1.489600 0.000000 0.000000 0.000000 1.000000
0.997077 -0.025925 -0.071871 0.021700 0.022753 0.998746 -0.044605 14.099800 0.072937 0.042839 0.996416 -1.489600 0.000000 0.000000 0.000000 1.000000
0.997873 -0.019582 -0.062183 0.021700 0.016910 0.998923 -0.043215 14.099800 0.062962 0.042072 0.997129 -1.489600 0.000000 0.000000 0.000000 1.000000
0.998790 -0.018123 -0.045715 0.021700 0.016010 0.998805 -0.046181 14.099800 0.046498 0.045393 0.997886 -1.489600 0.000000 0.000000 0.000000 1.000000
0.999476 -0.018865 -0.026309 0.021700 0.017573 0.998667 -0.048524 14.099800 0.027189 0.048037 0.998475 -1.489600 0.000000 0.000000 0.000000 1.000000
0.999877 -0.011941 -0.010157 0.021700 0.011377 0.998480 -0.053928 14.099800 0.010785 0.053805 0.998493 -1.489600 0.000000 0.000000 0.000000 1.000000
0.999999 -0.000774 -0.000702 0.021700 0.000732 0.998250 -0.059134 14.099800 0.000746 0.059134 0.998250 -1.489600 0.000000 0.000000 0.000000 1.000000</float_array><technique_common><accessor source="#Spine2-Matrix-animation-output-transform-array" count="19" stride="16"><param type="float4x4"/></accessor></technique_common></source><source id="Spine2-Interpolations"><Name_array id="Spine2-Interpolations-array" count="19">
 LINEAR LINEAR LINEAR LINEAR LINEAR LINEAR LINEAR LINEAR LINEAR LINEAR LINEAR
LINEAR LINEAR LINEAR LINEAR LINEAR LINEAR LINEAR LINEAR</Name_array><technique_common><accessor source="#Spine2-Interpolations-array" count="19"><param type="name"/></accessor></technique_common></source><sampler id="Spine2-Matrix-animation-transform"><input semantic="INPUT" source="#Spine2-Matrix-animation-input"/><input semantic="OUTPUT" source="#Spine2-Matrix-animation-output-transform"/><input semantic="INTERPOLATION" source="#Spine2-Interpolations"/></sampler><channel source="#Spine2-Matrix-animation-transform" target="Spine2/matrix"/></animation>
    <animation id="Neck-anim" name="Neck"><source id="Neck-Matrix-animation-input"><float_array id="Neck-Matrix-animation-input-array" count="19">

0.000000 0.033333 0.066667 0.100000 0.133333 0.166667 0.200000 0.233333 0.266667 0.300000 0.333333 0.366667 0.400000 0.433333 0.466667 0.500000
0.533333 0.566667 0.600000</float_array><technique_common><accessor source="#Neck-Matrix-animation-input-array" count="19"><param name="TIME" type="float"/></accessor></technique_common></source><source id="Neck-Matrix-animation-output-transform"><float_array id="Neck-Matrix-animation-output-transform-array" count="304">

0.981372 -0.110328 0.157276 0.024400 0.003850 0.829789 0.558065 15.862300 -0.192076 -0.547064 0.814756 -1.675800 0.000000 0.000000 0.000000 1.000000
0.988328 -0.088581 0.123938 0.024400 -0.003153 0.801495 0.597993 15.862300 -0.152307 -0.591405 0.791861 -1.675800 0.000000 0.000000 0.000000 1.000000
0.992898 -0.101596 0.061896 0.024400 0.042023 0.786265 0.616458 15.862300 -0.111296 -0.609479 0.784951 -1.675800 0.000000 0.000000 0.000000 1.000000
0.990234 -0.139395 0.002445 0.024400 0.110330 0.794243 0.597499 15.862300 -0.085230 -0.591394 0.801866 -1.675800 0.000000 0.000000 0.000000 1.000000
0.985220 -0.170152 -0.019743 0.024400 0.150020 0.801483 0.578894 15.862300 -0.082677 -0.573300 0.815164 -1.675800 0.000000 0.000000 0.000000 1.000000
0.980440 -0.196427 -0.012390 0.024400 0.165456 0.788485 0.592381 15.862300 -0.106590 -0.582844 0.805563 -1.675800 0.000000 0.000000 0.000000 1.000000
0.975000 -0.221860 0.012352 0.024400 0.170754 0.783660 0.597261 15.862300 -0.142188 -0.580220 0.801952 -1.675800 0.000000 0.000000 0.000000 1.000000
0.966621 -0.252877 0.041205 0.024400 0.181671 0.789879 0.585736 15.862300 -0.180666 -0.558699 0.809454 -1.675800 0.000000 0.000000 0.000000 1.000000
0.955330 -0.285718 0.075561 0.024400 0.190970 0.791916 0.579999 15.862300 -0.225555 -0.539660 0.811105 -1.675800 0.000000 0.000000 0.000000 1.000000
0.941533 -0.310845 0.129964 0.024400 0.177255 0.785049 0.593531 15.862300 -0.286525 -0.535792 0.794248 -1.675800 0.000000 0.000000 0.000000 1.000000
0.919899 -0.340189 0.195084 0.024400 0.154531 0.771668 0.616968 15.862300 -0.360425 -0.537401 0.762426 -1.675800 0.000000 0.000000 0.000000 1.000000
0.898150 -0.357237 0.256335 0.024400 0.138636 0.783340 0.605936 15.862300 -0.417260 -0.508685 0.753083 -1.675800 0.000000 0.000000 0.000000 1.000000
0.895639 -0.326977 0.301526 0.024400 0.122062 0.832580 0.540289 15.862300 -0.427706 -0.447099 0.785602 -1.675800 0.000000 0.000000 0.000000 1.000000
0.910686 -0.286428 0.297673 0.024400 0.112311 0.865116 0.488837 15.862300 -0.397538 -0.411745 0.820018 -1.675800 0.000000 0.000000 0.000000 1.000000
0.928685 -0.254788 0.269496 0.024400 0.102608 0.874810 0.473476 15.862300 -0.356394 -0.412058 0.838565 -1.675800 0.000000 0.000000 0.000000 1.000000
0.941216 -0.234840 0.242820 0.024400 0.092987 0.871166 0.482102 15.862300 -0.324754 -0.431184 0.841793 -1.675800 0.000000 0.000000 0.000000 1.000000
0.954044 -0.193283 0.229002 0.024400 0.058562 0.869708 0.490080 15.862300 -0.293890 -0.454147 0.841059 -1.675800 0.000000 0.000000 0.000000 1.000000
0.967804 -0.150371 0.201850 0.024400 0.023619 0.852650 0.521948 15.862300 -0.250593 -0.500376 0.828750 -1.675800 0.000000 0.000000 0.000000 1.000000
0.981372 -0.110328 0.157276 0.024400 0.003850 0.829789 0.558065 15.862300 -0.192076 -0.547064 0.814756 -1.675800 0.000000 0.000000 0.000000 1.000000</float_array><technique_common><accessor source="#Neck-Matrix-animation-output-transform-array" count="19" stride="16"><param type="float4x4"/></accessor></technique_common></source><source id="Neck-Interpolations"><Name_array id="Neck-Interpolations-array" count="19">
 LINEAR LINEAR LINEAR LINEAR LINEAR LINEAR LINEAR LINEAR LINEAR LINEAR LINEAR
LINEAR LINEAR LINEAR LINEAR LINEAR LINEAR LINEAR LINEAR</Name_array><technique_common><accessor source="#Neck-Interpolations-array" count="19"><param type="name"/></accessor></technique_common></source><sampler id="Neck-Matrix-animation-transform"><input semantic="INPUT" source="#Neck-Matrix-animation-input"/><input semantic="OUTPUT" source="#Neck-Matrix-animation-output-transform"/><input semantic="INTERPOLATION" source="#Neck-Interpolations"/></sampler><channel source="#Neck-Matrix-animation-transform" target="Neck/matrix"/></animation>
    <animation id="Head-anim" name="Head"><source id="Head-Matrix-animation-input"><float_array id="Head-Matrix-animation-input-array" count="19">

0.000000 0.033333 0.066667 0.100000 0.133333 0.166667 0.200000 0.233333 0.266667 0.300000 0.333333 0.366667 0.400000 0.433333 0.466667 0.500000
0.533333 0.566667 0.600000</float_array><technique_common><accessor source="#Head-Matrix-animation-input-array" count="19"><param name="TIME" type="float"/></accessor></technique_common></source><source id="Head-Matrix-animation-output-transform"><float_array id="Head-Matrix-animation-output-transform-array" count="304">

0.876912 0.139061 0.460095 0.000000 -0.134006 0.990011 -0.043819 5.564000 -0.461593 -0.023230 0.886788 0.988100 0.000000 0.000000 0.000000 1.000000
0.902388 0.093435 0.420672 0.000000 -0.070704 0.995084 -0.069349 5.564000 -0.425084 0.032836 0.904558 0.988100 0.000000 0.000000 0.000000 1.000000
0.924952 0.062252 0.374951 0.000000 -0.032820 0.995893 -0.084382 5.564000 -0.378664 0.065744 0.923196 0.988100 0.000000 0.000000 0.000000 1.000000
0.937300 0.064109 0.342578 -0.000000 -0.035212 0.995326 -0.089923 5.564000 -0.346741 0.072222 0.935176 0.988100 0.000000 0.000000 0.000000 1.000000
0.939601 0.075632 0.333811 0.000000 -0.042365 0.993480 -0.105845 5.564000 -0.339640 0.085310 0.936679 0.988100 0.000000 0.000000 0.000000 1.000000
0.933401 0.072571 0.351420 0.000000 -0.030343 0.991791 -0.124217 5.564000 -0.357550 0.105281 0.927941 0.988100 0.000000 0.000000 0.000000 1.000000
0.921430 0.049147 0.385422 -0.000000 -0.009790 0.994590 -0.103418 5.564000 -0.388420 0.091519 0.916927 0.988100 0.000000 0.000000 0.000000 1.000000
0.906205 0.033277 0.421526 0.000000 -0.008787 0.998165 -0.059908 5.564000 -0.422746 0.050585 0.904835 0.988100 0.000000 0.000000 0.000000 1.000000
0.884005 0.043865 0.465416 0.000000 -0.032692 0.998951 -0.032056 5.564000 -0.466334 0.013123 0.884511 0.988100 0.000000 0.000000 0.000000 1.000000
0.846159 0.074573 0.527687 0.000000 -0.065016 0.997210 -0.036672 5.564000 -0.528950 -0.003277 0.848647 0.988100 0.000000 0.000000 0.000000 1.000000
0.789333 0.118045 0.602511 0.000000 -0.092834 0.993007 -0.072933 5.564000 -0.606907 0.001634 0.794771 0.988100 0.000000 0.000000 0.000000 1.000000
0.733235 0.163601 0.660001 0.000000 -0.122581 0.986525 -0.108358 5.564000 -0.668835 -0.001452 0.743409 0.988100 0.000000 0.000000 0.000000 1.000000
0.713517 0.189836 0.674430 0.000000 -0.159041 0.981351 -0.107968 5.564000 -0.682349 -0.030225 0.730402 0.988100 0.000000 0.000000 0.000000 1.000000
0.729634 0.196942 0.654865 0.000000 -0.176959 0.979389 -0.097376 5.564000 -0.660545 -0.044835 0.749446 0.988100 0.000000 0.000000 0.000000 1.000000
0.761999 0.187482 0.619844 0.000000 -0.167855 0.981643 -0.090564 5.564000 -0.625445 -0.035034 0.779481 0.988100 0.000000 0.000000 0.000000 1.000000
0.788324 0.177288 0.589163 0.000000 -0.161586 0.983629 -0.079779 5.564000 -0.593662 -0.032309 0.804066 0.988100 0.000000 0.000000 0.000000 1.000000
0.813093 0.162189 0.559084 0.000000 -0.159611 0.985711 -0.053827 5.564000 -0.559826 -0.045470 0.827362 0.988100 0.000000 0.000000 0.000000 1.000000
0.843416 0.148004 0.516473 0.000000 -0.150565 0.987899 -0.037222 5.564000 -0.515732 -0.046369 0.855494 0.988100 0.000000 0.000000 0.000000 1.000000
0.876912 0.139061 0.460095 -0.000000 -0.134006 0.990011 -0.043819 5.564000 -0.461593 -0.023230 0.886788 0.988100 0.000000 0.000000 0.000000 1.000000</float_array><technique_common><accessor source="#Head-Matrix-animation-output-transform-array" count="19" stride="16"><param type="float4x4"/></accessor></technique_common></source><source id="Head-Interpolations"><Name_array id="Head-Interpolations-array" count="19">
 LINEAR LINEAR LINEAR LINEAR LINEAR LINEAR LINEAR LINEAR LINEAR LINEAR LINEAR
LINEAR LINEAR LINEAR LINEAR LINEAR LINEAR LINEAR LINEAR</Name_array><technique_common><accessor source="#Head-Interpolations-array" count="19"><param type="name"/></accessor></technique_common></source><sampler id="Head-Matrix-animation-transform"><input semantic="INPUT" source="#Head-Matrix-animation-input"/><input semantic="OUTPUT" source="#Head-Matrix-animation-output-transform"/><input semantic="INTERPOLATION" source="#Head-Interpolations"/></sampler><channel source="#Head-Matrix-animation-transform" target="Head/matrix"/></animation>
    <animation id="LeftShoulder-anim" name="LeftShoulder"><source id="LeftShoulder-Matrix-animation-input"><float_array id="LeftShoulder-Matrix-animation-input-array" count="19">

0.000000 0.033333 0.066667 0.100000 0.133333 0.166667 0.200000 0.233333 0.266667 0.300000 0.333333 0.366667 0.400000 0.433333 0.466667 0.500000
0.533333 0.566667 0.600000</float_array><technique_common><accessor source="#LeftShoulder-Matrix-animation-input-array" count="19"><param name="TIME" type="float"/></accessor></technique_common></source><source id="LeftShoulder-Matrix-animation-output-transform"><float_array id="LeftShoulder-Matrix-animation-output-transform-array" count="304">

0.908469 -0.143257 -0.392634 5.935000 0.141618 0.989361 -0.033306 13.670200 0.393228 -0.025347 0.919092 -1.662600 0.000000 0.000000 0.000000 1.000000
0.908432 -0.166008 -0.383657 5.935000 0.163695 0.985743 -0.038929 13.670200 0.384649 -0.027438 0.922655 -1.662600 0.000000 0.000000 0.000000 1.000000
0.913284 -0.171791 -0.369323 5.935000 0.169184 0.984784 -0.039707 13.670200 0.370525 -0.026220 0.928452 -1.662600 0.000000 0.000000 0.000000 1.000000
0.910275 -0.154196 -0.384218 5.935000 0.152177 0.987703 -0.035857 13.670200 0.385022 -0.025829 0.922546 -1.662600 0.000000 0.000000 0.000000 1.000000
0.909125 -0.141139 -0.391882 5.935000 0.139541 0.989676 -0.032716 13.670200 0.392454 -0.024941 0.919434 -1.662600 0.000000 0.000000 0.000000 1.000000
0.908865 -0.141967 -0.392185 5.935000 0.140354 0.989553 -0.032946 13.670200 0.392765 -0.025101 0.919296 -1.662600 0.000000 0.000000 0.000000 1.000000
0.906233 -0.150500 -0.395084 5.935000 0.148717 0.988248 -0.035331 13.670200 0.395759 -0.026738 0.917965 -1.662600 0.000000 0.000000 0.000000 1.000000
0.904550 -0.156039 -0.396788 5.935000 0.154143 0.987360 -0.036888 13.670200 0.397529 -0.027795 0.917169 -1.662600 0.000000 0.000000 0.000000 1.000000
0.904161 -0.157345 -0.397159 5.935000 0.155421 0.987146 -0.037255 13.670200 0.397915 -0.028042 0.916994 -1.662600 0.000000 0.000000 0.000000 1.000000
0.901338 -0.166799 -0.399709 5.935000 0.164674 0.985540 -0.039929 13.670200 0.400589 -0.029832 0.915772 -1.662600 0.000000 0.000000 0.000000 1.000000
0.909899 -0.189142 -0.369202 5.935000 0.186148 0.981533 -0.044075 13.670200 0.370720 -0.028622 0.928304 -1.662600 0.000000 0.000000 0.000000 1.000000
0.910217 -0.193144 -0.366333 5.935000 0.190037 0.980749 -0.044907 13.670200 0.367954 -0.028741 0.929400 -1.662600 0.000000 0.000000 0.000000 1.000000
0.902371 -0.163431 -0.398769 5.935000 0.161378 0.986123 -0.038971 13.670200 0.399604 -0.029186 0.916223 -1.662600 0.000000 0.000000 0.000000 1.000000
0.913267 -0.127788 -0.386799 5.935000 0.126443 0.991549 -0.029038 13.670200 0.387241 -0.022388 0.921707 -1.662600 0.000000 0.000000 0.000000 1.000000
0.919250 -0.109026 -0.378275 5.935000 0.108004 0.993861 -0.023989 13.670200 0.378568 -0.018804 0.925382 -1.662600 0.000000 0.000000 0.000000 1.000000
0.919350 -0.108666 -0.378135 5.935000 0.107650 0.993902 -0.023894 13.670200 0.378426 -0.018739 0.925442 -1.662600 0.000000 0.000000 0.000000 1.000000
0.916032 -0.118955 -0.383060 5.935000 0.117767 0.992684 -0.026643 13.670200 0.383426 -0.020706 0.923339 -1.662600 0.000000 0.000000 0.000000 1.000000
0.911478 -0.133453 -0.389100 5.935000 0.132003 0.990777 -0.030594 13.670200 0.389594 -0.023477 0.920687 -1.662600 0.000000 0.000000 0.000000 1.000000
0.908470 -0.143256 -0.392633 5.935000 0.141618 0.989361 -0.033306 13.670200 0.393227 -0.025347 0.919092 -1.662600 0.000000 0.000000 0.000000 1.000000</float_array><technique_common><accessor source="#LeftShoulder-Matrix-animation-output-transform-array" count="19" stride="16"><param type="float4x4"/></accessor></technique_common></source><source id="LeftShoulder-Interpolations"><Name_array id="LeftShoulder-Interpolations-array" count="19">
 LINEAR LINEAR LINEAR LINEAR LINEAR LINEAR LINEAR LINEAR LINEAR LINEAR LINEAR
LINEAR LINEAR LINEAR LINEAR LINEAR LINEAR LINEAR LINEAR</Name_array><technique_common><accessor source="#LeftShoulder-Interpolations-array" count="19"><param type="name"/></accessor></technique_common></source><sampler id="LeftShoulder-Matrix-animation-transform"><input semantic="INPUT" source="#LeftShoulder-Matrix-animation-input"/><input semantic="OUTPUT" source="#LeftShoulder-Matrix-animation-output-transform"/><input semantic="INTERPOLATION" source="#LeftShoulder-Interpolations"/></sampler><channel source="#LeftShoulder-Matrix-animation-transform" target="LeftShoulder/matrix"/></animation>
    <animation id="LeftArm-anim" name="LeftArm"><source id="LeftArm-Matrix-animation-input"><float_array id="LeftArm-Matrix-animation-input-array" count="19">

0.000000 0.033333 0.066667 0.100000 0.133333 0.166667 0.200000 0.233333 0.266667 0.300000 0.333333 0.366667 0.400000 0.433333 0.466667 0.500000
0.533333 0.566667 0.600000</float_array><technique_common><accessor source="#LeftArm-Matrix-animation-input-array" count="19"><param name="TIME" type="float"/></accessor></technique_common></source><source id="LeftArm-Matrix-animation-output-transform"><float_array id="LeftArm-Matrix-animation-output-transform-array" count="304">

0.205197 0.802864 -0.559735 12.499400 -0.190514 0.593731 0.781785 -1.650000 0.959999 -0.053783 0.274788 0.026500 0.000000 0.000000 0.000000 1.000000
0.231069 0.769677 -0.595150 12.499400 -0.083641 0.625155 0.776006 -1.650000 0.969335 -0.129532 0.208831 0.026500 0.000000 0.000000 0.000000 1.000000
0.170794 0.775055 -0.608375 12.499400 0.007169 0.616453 0.787359 -1.650000 0.985281 -0.138838 0.099730 0.026500 0.000000 0.000000 0.000000 1.000000
0.093174 0.799000 -0.594069 12.499400 0.046550 0.592517 0.804212 -1.650000 0.994561 -0.102586 0.018014 0.026500 0.000000 0.000000 0.000000 1.000000
0.025020 0.811008 -0.584500 12.499400 0.038917 0.583450 0.811216 -1.650000 0.998929 -0.043044 -0.016964 0.026500 0.000000 0.000000 0.000000 1.000000
-0.001661 0.781546 -0.623846 12.499400 0.003190 0.623847 0.781540 -1.650000 0.999994 -0.000692 -0.003529 0.026500 0.000000 0.000000 0.000000 1.000000
0.007091 0.746651 -0.665179 12.499400 -0.038090 0.664914 0.745948 -1.650000 0.999249 0.020047 0.033155 0.026500 0.000000 0.000000 0.000000 1.000000
0.038107 0.758370 -0.650709 12.499400 -0.059305 0.651750 0.756111 -1.650000 0.997512 0.009777 0.069812 0.026500 0.000000 0.000000 0.000000 1.000000
0.084820 0.792929 -0.603381 12.499400 -0.082781 0.609078 0.788779 -1.650000 0.992952 -0.016956 0.117302 0.026500 0.000000 0.000000 0.000000 1.000000
0.142839 0.796938 -0.586930 12.499400 -0.119641 0.602566 0.789051 -1.650000 0.982488 -0.042487 0.181416 0.026500 0.000000 0.000000 0.000000 1.000000
0.162389 0.772636 -0.613729 12.499400 -0.164744 0.634484 0.755175 -1.650000 0.972877 -0.021524 0.230321 0.026500 0.000000 0.000000 0.000000 1.000000
0.206047 0.738092 -0.642468 12.499400 -0.218812 0.674684 0.704927 -1.650000 0.953764 -0.004668 0.300520 0.026500 0.000000 0.000000 0.000000 1.000000
0.249882 0.744663 -0.618899 12.499400 -0.279809 0.667440 0.690095 -1.650000 0.926966 0.000731 0.375145 0.026500 0.000000 0.000000 0.000000 1.000000
0.201368 0.784150 -0.586992 12.499400 -0.328239 0.618639 0.713824 -1.650000 0.922881 0.048933 0.381963 0.026500 0.000000 0.000000 0.000000 1.000000
0.187043 0.836932 -0.514353 12.499400 -0.319612 0.546953 0.773751 -1.650000 0.928904 0.019669 0.369798 0.026500 0.000000 0.000000 0.000000 1.000000
0.189324 0.851468 -0.489038 12.499400 -0.311597 0.524401 0.792408 -1.650000 0.931163 0.002361 0.364597 0.026500 0.000000 0.000000 0.000000 1.000000
0.228515 0.832284 -0.505058 12.499400 -0.298461 0.553696 0.777394 -1.650000 0.926662 -0.026906 0.374932 0.026500 0.000000 0.000000 0.000000 1.000000
0.246959 0.813542 -0.526460 12.499400 -0.262373 0.579132 0.771859 -1.650000 0.932830 -0.052489 0.356474 0.026500 0.000000 0.000000 0.000000 1.000000
0.205185 0.802863 -0.559741 12.499400 -0.190508 0.593733 0.781785 -1.650000 0.960003 -0.053776 0.274777 0.026500 0.000000 0.000000 0.000000 1.000000</float_array><technique_common><accessor source="#LeftArm-Matrix-animation-output-transform-array" count="19" stride="16"><param type="float4x4"/></accessor></technique_common></source><source id="LeftArm-Interpolations"><Name_array id="LeftArm-Interpolations-array" count="19">
 LINEAR LINEAR LINEAR LINEAR LINEAR LINEAR LINEAR LINEAR LINEAR LINEAR LINEAR
LINEAR LINEAR LINEAR LINEAR LINEAR LINEAR LINEAR LINEAR</Name_array><technique_common><accessor source="#LeftArm-Interpolations-array" count="19"><param type="name"/></accessor></technique_common></source><sampler id="LeftArm-Matrix-animation-transform"><input semantic="INPUT" source="#LeftArm-Matrix-animation-input"/><input semantic="OUTPUT" source="#LeftArm-Matrix-animation-output-transform"/><input semantic="INTERPOLATION" source="#LeftArm-Interpolations"/></sampler><channel source="#LeftArm-Matrix-animation-transform" target="LeftArm/matrix"/></animation>
    <animation id="LeftForeArm-anim" name="LeftForeArm"><source id="LeftForeArm-Matrix-animation-input"><float_array id="LeftForeArm-Matrix-animation-input-array" count="19">

0.000000 0.033333 0.066667 0.100000 0.133333 0.166667 0.200000 0.233333 0.266667 0.300000 0.333333 0.366667 0.400000 0.433333 0.466667 0.500000
0.533333 0.566667 0.600000</float_array><technique_common><accessor source="#LeftForeArm-Matrix-animation-input-array" count="19"><param name="TIME" type="float"/></accessor></technique_common></source><source id="LeftForeArm-Matrix-animation-output-transform"><float_array id="LeftForeArm-Matrix-animation-output-transform-array" count="304">

0.354629 -0.472232 -0.806991 25.557899 -0.004693 0.862176 -0.506587 -0.397400 0.934995 0.183438 0.303537 -0.827100 0.000000 0.000000 0.000000 1.000000
0.384980 -0.410058 -0.826827 25.557899 0.006700 0.897095 -0.441787 -0.397400 0.922901 0.164539 0.348111 -0.827100 0.000000 0.000000 0.000000 1.000000
0.499431 -0.361885 -0.787152 25.557899 -0.042717 0.897189 -0.439576 -0.397400 0.865300 0.253163 0.432625 -0.827100 0.000000 0.000000 0.000000 1.000000
0.637592 -0.304430 -0.707671 25.557899 -0.110835 0.872801 -0.475325 -0.397400 0.762359 0.381498 0.522750 -0.827100 0.000000 0.000000 0.000000 1.000000
0.738724 -0.253320 -0.624592 25.557899 -0.132053 0.854328 -0.502678 -0.397400 0.660945 0.453819 0.597662 -0.827100 0.000000 0.000000 0.000000 1.000000
0.742219 -0.260801 -0.617328 25.557899 -0.096230 0.870146 -0.483306 -0.397400 0.663213 0.418125 0.620742 -0.827100 0.000000 0.000000 0.000000 1.000000
0.667898 -0.272368 -0.692624 25.557899 -0.062634 0.906758 -0.416973 -0.397400 0.741613 0.321877 0.588563 -0.827100 0.000000 0.000000 0.000000 1.000000
0.573013 -0.163873 -0.802996 25.557899 -0.139214 0.946103 -0.292419 -0.397400 0.807636 0.279348 0.519315 -0.827100 0.000000 0.000000 0.000000 1.000000
0.458098 -0.016602 -0.888746 25.557899 -0.249952 0.957078 -0.146714 -0.397400 0.853036 0.289354 0.434286 -0.827100 0.000000 0.000000 0.000000 1.000000
0.317760 -0.028163 -0.947753 25.557899 -0.257955 0.959289 -0.114992 -0.397400 0.912408 0.281018 0.297559 -0.827100 0.000000 0.000000 0.000000 1.000000
0.200650 -0.250570 -0.947077 25.557899 -0.151114 0.947251 -0.282631 -0.397400 0.967938 0.199827 0.152201 -0.827100 0.000000 0.000000 0.000000 1.000000
0.118944 -0.486011 -0.865820 25.557899 -0.028101 0.870014 -0.492226 -0.397400 0.992503 0.082878 0.089826 -0.827100 0.000000 0.000000 0.000000 1.000000
0.095637 -0.587552 -0.803515 25.557899 0.015766 0.808008 -0.588960 -0.397400 0.995291 0.043658 0.086538 -0.827100 0.000000 0.000000 0.000000 1.000000
0.155976 -0.618085 -0.770482 25.557899 -0.001812 0.779849 -0.625966 -0.397400 0.987759 0.099032 0.120517 -0.827100 0.000000 0.000000 0.000000 1.000000
0.227077 -0.521925 -0.822210 25.557899 -0.148970 0.815714 -0.558944 -0.397400 0.962416 0.249408 0.107479 -0.827100 0.000000 0.000000 0.000000 1.000000
0.265378 -0.476015 -0.838442 25.557899 -0.194176 0.825416 -0.530079 -0.397400 0.944389 0.303477 0.126616 -0.827100 0.000000 0.000000 0.000000 1.000000
0.266424 -0.475054 -0.838655 25.557899 -0.152208 0.838450 -0.523291 -0.397400 0.951762 0.267067 0.151076 -0.827100 0.000000 0.000000 0.000000 1.000000
0.282358 -0.481930 -0.829468 25.557899 -0.080510 0.849696 -0.521089 -0.397400 0.955925 0.213915 0.201118 -0.827100 0.000000 0.000000 0.000000 1.000000
0.354645 -0.472232 -0.806984 25.557899 -0.004694 0.862174 -0.506591 -0.397400 0.934989 0.183448 0.303549 -0.827100 0.000000 0.000000 0.000000 1.000000</float_array><technique_common><accessor source="#LeftForeArm-Matrix-animation-output-transform-array" count="19" stride="16"><param type="float4x4"/></accessor></technique_common></source><source id="LeftForeArm-Interpolations"><Name_array id="LeftForeArm-Interpolations-array" count="19">
 LINEAR LINEAR LINEAR LINEAR LINEAR LINEAR LINEAR LINEAR LINEAR LINEAR LINEAR
LINEAR LINEAR LINEAR LINEAR LINEAR LINEAR LINEAR LINEAR</Name_array><technique_common><accessor source="#LeftForeArm-Interpolations-array" count="19"><param type="name"/></accessor></technique_common></source><sampler id="LeftForeArm-Matrix-animation-transform"><input semantic="INPUT" source="#LeftForeArm-Matrix-animation-input"/><input semantic="OUTPUT" source="#LeftForeArm-Matrix-animation-output-transform"/><input semantic="INTERPOLATION" source="#LeftForeArm-Interpolations"/></sampler><channel source="#LeftForeArm-Matrix-animation-transform" target="LeftForeArm/matrix"/></animation>
